-0.0428213 1.03674 0.68401 1.91514 -0.199268 -0.554173 5.7179e-05 
-0.0359493 1.02503 0.666532 1.85076 -0.207558 -0.587078 5.54667e-05 
-0.0290772 1.01332 0.649053 1.78638 -0.215848 -0.619983 5.37543e-05 
-0.0222052 1.00161 0.631575 1.722 -0.224137 -0.652888 5.2042e-05 
-0.0153332 0.9899 0.614097 1.65763 -0.232427 -0.685793 5.03297e-05 
-0.00846117 0.978191 0.596619 1.59325 -0.240717 -0.718699 4.86174e-05 
-0.00158915 0.966481 0.57914 1.52887 -0.249007 -0.751604 4.6905e-05 
0.00528288 0.954771 0.561662 1.46449 -0.257297 -0.784509 4.51927e-05 
0.0121549 0.943061 0.544184 1.40011 -0.265586 -0.817414 4.34804e-05 
0.0190269 0.931351 0.526705 1.33573 -0.273876 -0.850319 4.1768e-05 
0.025899 0.919641 0.509227 1.27136 -0.282166 -0.883224 4.00557e-05 
0.032771 0.907931 0.491749 1.20698 -0.290456 -0.916129 3.83434e-05 
0.039643 0.896221 0.474271 1.1426 -0.298746 -0.949034 3.6631e-05 
0.046515 0.884511 0.456792 1.07822 -0.307036 -0.981939 3.49187e-05 
0.0533871 0.872801 0.439314 1.01384 -0.315325 -1.01484 3.32064e-05 
0.0602591 0.861092 0.421836 0.949464 -0.323615 -1.04775 3.14941e-05 
0.0671311 0.849382 0.404357 0.885085 -0.331905 -1.08065 2.97817e-05 
0.0740031 0.837672 0.386879 0.820707 -0.340195 -1.11356 2.80694e-05 
0.0808752 0.825962 0.369401 0.756329 -0.348485 -1.14646 2.63571e-05 
0.0877472 0.814252 0.351923 0.69195 -0.356774 -1.17937 2.46447e-05 
0.0946192 0.802542 0.334444 0.627572 -0.365064 -1.21228 2.29324e-05 
0.101491 0.790832 0.316966 0.563193 -0.373354 -1.24518 2.12201e-05